0.000000 20.045103
1.000000 19.582798
2.000000 20.715796
3.000000 21.156006
4.000000 21.572041
5.000000 22.105633
6.000000 21.765437
7.000000 22.469400
8.000000 22.948721
9.000000 23.998256
10.000000 24.055048
11.000000 24.128030
12.000000 24.056504
13.000000 24.872061
14.000000 25.311363
15.000000 25.940790
16.000000 26.307137
17.000000 26.081531
18.000000 26.396386
19.000000 27.367196
20.000000 28.359947
21.000000 28.944762
22.000000 28.687978
23.000000 29.550237
24.000000 29.725201
25.000000 29.779840
26.000000 30.370030
27.000000 31.017539
28.000000 31.439472
29.000000 31.539995
30.000000 31.801088
31.000000 31.606471
32.000000 31.952288
33.000000 31.847453
34.000000 32.218836
35.000000 32.733471
36.000000 32.768837
37.000000 33.623315
38.000000 33.865437
39.000000 34.111416
40.000000 34.543909
41.000000 35.641794
42.000000 35.731939
43.000000 35.854057
44.000000 35.918178
45.000000 36.387504
46.000000 36.924098
47.000000 37.265245
48.000000 37.257341
49.000000 37.837411
50.000000 38.447292
51.000000 38.927883
52.000000 39.955758
53.000000 40.201800
54.000000 40.032814
55.000000 40.153953
56.000000 41.586906
57.000000 42.103255
58.000000 42.337782
59.000000 42.861665
60.000000 43.137274
61.000000 43.919388
62.000000 44.697798
63.000000 46.100306
64.000000 46.453231
65.000000 46.992432
66.000000 47.165990
67.000000 47.911833
68.000000 48.328016
69.000000 48.918698
70.000000 49.607388
71.000000 50.460283
72.000000 51.311531
73.000000 51.908923
74.000000 52.355155
75.000000 53.017250
76.000000 53.706168
77.000000 54.206616
78.000000 54.162315
79.000000 54.371382
80.000000 55.536251
