0.000000 21.466564
1.000000 21.414040
2.000000 21.252211
3.000000 21.533228
4.000000 22.122853
5.000000 22.126396
6.000000 22.244549
7.000000 22.648713
8.000000 23.577708
9.000000 24.173754
10.000000 24.465015
11.000000 25.090138
12.000000 25.141866
13.000000 25.485924
14.000000 25.982520
15.000000 26.690086
16.000000 26.478531
17.000000 27.224098
18.000000 27.095853
19.000000 27.211744
20.000000 27.108641
21.000000 27.742370
22.000000 28.015488
23.000000 28.972053
24.000000 29.921192
25.000000 30.344869
26.000000 30.994900
27.000000 31.833411
28.000000 32.350989
29.000000 32.737862
30.000000 33.430949
31.000000 34.149179
32.000000 33.721205
33.000000 34.003430
34.000000 35.073338
35.000000 35.550264
36.000000 35.770537
37.000000 36.249330
38.000000 36.592053
39.000000 36.632854
40.000000 37.392730
41.000000 37.400718
42.000000 38.044863
43.000000 38.297424
44.000000 38.338534
45.000000 39.200428
46.000000 39.803860
47.000000 40.827817
48.000000 40.402717
49.000000 41.902436
50.000000 42.983170
51.000000 43.414096
52.000000 43.780004
53.000000 44.602271
54.000000 45.205903
55.000000 45.249017
56.000000 44.723494
57.000000 45.885391
58.000000 46.494899
59.000000 47.178090
60.000000 47.364604
61.000000 47.591774
62.000000 47.992477
63.000000 48.533915
64.000000 48.819912
65.000000 48.803202
66.000000 50.038338
67.000000 50.701167
68.000000 51.447387
69.000000 51.801538
70.000000 52.308772
71.000000 52.921938
72.000000 54.123232
73.000000 53.487317
74.000000 54.347725
75.000000 54.981133
76.000000 54.969524
77.000000 54.830881
78.000000 55.763093
79.000000 56.063510
80.000000 57.436403
